              precision    recall  f1-score   support

           0       1.00      0.95      0.97        80
           1       0.98      1.00      0.99        80
           2       0.96      0.99      0.98        80
           3       0.96      1.00      0.98        80
           4       1.00      0.97      0.99        80
           5       1.00      0.99      0.99        80
           6       1.00      1.00      1.00        80

    accuracy                           0.99       560
   macro avg       0.99      0.99      0.99       560
weighted avg       0.99      0.99      0.99       560
