              precision    recall  f1-score   support

           0       1.00      0.16      0.28        80
           1       0.42      0.06      0.11        80
           2       0.14      0.03      0.04        80
           3       0.54      0.31      0.40        80
           4       0.96      0.62      0.76        80
           5       0.13      0.49      0.21        80
           6       0.64      1.00      0.78        80

    accuracy                           0.38       560
   macro avg       0.55      0.38      0.37       560
weighted avg       0.55      0.38      0.37       560
