              precision    recall  f1-score   support

           0       0.98      0.79      0.88        80
           1       1.00      0.94      0.97        80
           2       0.93      0.97      0.95        80
           3       0.93      0.81      0.87        80
           4       0.84      0.97      0.90        80
           5       0.81      1.00      0.89        80
           6       0.93      0.88      0.90        80

    accuracy                           0.91       560
   macro avg       0.92      0.91      0.91       560
weighted avg       0.92      0.91      0.91       560
